$keys right_upper_raiser left_upper_raiser chin_raiser right_part left_part right_puckerer left_puckerer right_funneler left_funneler right_stretcher left_stretcher bite presser tightener jaw_clencher jaw_drop right_mouth_drop left_mouth_drop
$hasweighting
"b" "b" 0.000 1.000 0.000 1.000 0.000 0.000 0.000 1.000 0.000 1.000 0.000 1.000 0.000 1.000 0.000 1.000 0.000 1.000 0.000 1.000 0.000 1.000 0.000 1.000 1.000 1.000 0.000 1.000 0.000 1.000 0.200 1.000 0.000 1.000 0.000 1.000 "Big : voiced alveolar stop"
"m" "m" 0.000 1.000 0.000 1.000 0.000 0.000 0.000 1.000 0.000 1.000 0.000 1.000 0.000 1.000 0.000 1.000 0.000 1.000 0.000 1.000 0.000 1.000 0.000 1.000 2.000 1.000 0.000 1.000 0.000 1.000 0.300 1.000 0.000 1.000 0.000 1.000 "Mat : voiced bilabial nasal"
"p" "p" 0.000 1.000 0.000 1.000 0.000 0.000 0.000 1.000 0.000 1.000 0.000 1.000 0.000 1.000 0.000 1.000 0.000 1.000 0.000 1.000 0.000 1.000 0.000 1.000 2.000 1.000 0.000 1.000 0.000 1.000 0.200 1.000 0.000 1.000 0.000 1.000 "Put; voiceless alveolar stop"
"w" "w" 0.000 1.000 0.000 1.000 0.000 0.000 0.000 1.000 0.000 1.000 0.800 1.000 0.800 1.000 0.150 1.000 0.150 1.000 0.000 1.000 0.000 1.000 0.000 1.000 0.000 1.000 0.450 1.000 0.000 1.000 0.650 1.000 0.000 1.000 0.000 1.000 "With : voiced labial-velar approximant"
"f" "f" 0.000 1.000 0.000 1.000 0.000 0.000 0.000 1.000 0.000 1.000 0.000 1.000 0.000 1.000 0.000 1.000 0.000 1.000 0.000 1.000 0.000 1.000 0.740 1.000 0.000 1.000 0.000 1.000 0.000 1.000 0.000 1.000 0.000 1.000 0.000 1.000 "Fork : voiceless labiodental fricative"
"v" "v" 0.000 1.000 0.000 1.000 0.000 0.000 0.000 1.000 0.000 1.000 0.000 1.000 0.000 1.000 0.000 1.000 0.000 1.000 0.000 1.000 0.000 1.000 1.000 1.000 0.000 1.000 0.000 1.000 0.000 1.000 0.000 1.000 0.000 1.000 0.000 1.000 "Val : voiced labialdental fricative"
"r" "0x0279" 0.000 1.000 0.000 1.000 0.000 0.000 0.000 1.000 0.000 1.000 0.510 1.000 0.510 1.000 0.000 1.000 0.000 1.000 0.000 1.000 0.000 1.000 0.000 1.000 0.000 1.000 0.000 1.000 0.000 1.000 0.000 1.000 0.050 1.000 0.050 1.000 "Red : voiced alveolar approximant"
"r2" "r" 0.000 1.000 0.000 1.000 0.000 0.000 0.000 1.000 0.000 1.000 0.750 1.000 0.750 1.000 0.000 1.000 0.000 1.000 0.000 1.000 0.000 1.000 0.000 1.000 0.000 1.000 0.000 1.000 0.000 1.000 0.500 1.000 0.000 1.000 0.000 1.000 "Red : voiced alveolar trill"
"r3" "0x027b" 0.000 1.000 0.000 1.000 0.000 0.000 0.000 1.000 0.000 1.000 1.000 1.000 1.000 1.000 0.000 1.000 0.000 1.000 0.000 1.000 0.000 1.000 0.000 1.000 0.000 1.000 0.000 1.000 0.000 1.000 0.500 1.000 0.000 1.000 0.000 1.000 "Red : voiced retroflex approximant"
"er" "0x025a" 0.000 1.000 0.000 1.000 0.000 0.000 0.600 1.000 0.600 1.000 0.930 1.000 0.930 1.000 0.760 1.000 0.760 1.000 0.000 1.000 0.000 1.000 0.000 1.000 0.000 1.000 0.000 1.000 0.000 1.000 0.000 1.000 0.000 1.000 0.000 1.000 "URn : rhotacized schwa"
"er2" "0x025d" 0.000 1.000 0.000 1.000 0.000 0.000 0.000 1.000 0.000 1.000 0.500 1.000 0.500 1.000 0.500 1.000 0.500 1.000 0.000 1.000 0.000 1.000 0.000 1.000 0.000 1.000 0.000 1.000 0.000 1.000 0.500 1.000 0.500 1.000 0.500 1.000 "URn : rhotacized lower-mid central vowel"
"dh" "0x00f0" 0.150 1.000 0.150 1.000 0.000 0.000 0.400 1.000 0.400 1.000 0.000 1.000 0.000 1.000 0.400 1.000 0.400 1.000 0.000 1.000 0.000 1.000 0.000 1.000 0.000 1.000 0.000 1.000 0.000 1.000 0.300 1.000 0.750 1.000 0.750 1.000 "THen : voiced dental fricative"
"th" "0x03b8" 0.000 1.000 0.000 1.000 0.260 0.000 0.290 1.000 0.290 1.000 0.000 1.000 0.000 1.000 1.000 1.000 1.000 1.000 0.000 1.000 0.000 1.000 0.100 1.000 0.000 1.000 0.000 1.000 0.130 1.000 0.000 1.000 0.000 1.000 0.000 1.000 "THin : voiceless dental fricative"
"sh" "0x0283" 0.000 1.000 0.000 1.000 0.000 0.000 0.000 1.000 0.000 1.000 0.000 1.000 0.000 1.000 0.800 1.000 0.800 1.000 0.000 1.000 0.000 1.000 0.000 1.000 0.000 1.000 0.000 1.000 0.400 1.000 0.000 1.000 0.000 1.000 0.000 1.000 "SHe : voiceless postalveolar fricative"
"jh" "0x02a4" 0.000 1.000 0.000 1.000 0.000 0.000 1.000 1.000 1.000 1.000 1.000 1.000 1.000 1.000 0.300 1.000 0.300 1.000 0.000 1.000 0.000 1.000 0.000 1.000 0.000 1.000 0.000 1.000 0.350 1.000 0.000 1.000 0.000 1.000 0.000 1.000 "Joy : voiced postalveolar afficate"
"ch" "0x02a7" 0.000 1.000 0.000 1.000 0.000 0.000 0.000 1.000 0.000 1.000 0.950 1.000 0.950 1.000 0.800 1.000 0.800 1.000 0.000 1.000 0.000 1.000 0.000 1.000 0.000 1.000 0.000 1.000 0.650 1.000 0.000 1.000 0.000 1.000 0.000 1.000 "CHin : voiceless postalveolar affricate"
"s" "s" 0.000 1.000 0.000 1.000 0.000 0.000 0.000 1.000 0.000 1.000 0.000 1.000 0.000 1.000 0.750 1.000 0.750 1.000 0.700 1.000 0.700 1.000 0.000 1.000 0.000 1.000 0.000 1.000 0.550 1.000 0.000 1.000 0.000 1.000 0.000 1.000 "Sit : voiceless alveolar fricative"
"z" "z" 0.000 1.000 0.000 1.000 0.000 0.000 1.000 1.000 1.000 1.000 0.000 1.000 0.000 1.000 0.000 1.000 0.000 1.000 0.500 1.000 0.500 1.000 0.000 1.000 0.000 1.000 0.000 1.000 0.990 1.000 0.000 1.000 0.000 1.000 0.000 1.000 "Zap : voiced alveolar fricative"
"d" "d" 0.000 1.000 0.000 1.000 0.000 0.000 0.000 1.000 0.000 1.000 0.000 1.000 0.000 1.000 0.500 1.000 0.500 1.000 0.000 1.000 0.000 1.000 0.000 1.000 0.000 1.000 0.000 1.000 0.000 1.000 0.200 1.000 1.000 1.000 1.000 1.000 "Dig : voiced bilabial stop"
"d2" "0x027e" 0.000 1.000 0.000 1.000 0.000 0.000 1.000 1.000 1.000 1.000 0.000 1.000 0.000 1.000 0.000 1.000 0.000 1.000 0.000 1.000 0.000 1.000 0.000 1.000 0.000 1.000 0.000 1.000 0.450 1.000 0.000 1.000 1.000 1.000 1.000 1.000 "Dig : voiced alveolar flap or tap"
"l" "l" 0.000 1.000 0.000 1.000 0.000 0.000 0.540 1.000 0.540 1.000 0.000 1.000 0.000 1.000 0.000 1.000 0.000 1.000 0.000 1.000 0.000 1.000 0.000 1.000 0.000 1.000 0.000 1.000 0.000 1.000 0.300 1.000 1.000 1.000 1.000 1.000 "Lid : voiced alveolar lateral approximant"
"l2" "0x026b" 0.000 1.000 0.000 1.000 0.000 0.000 0.000 1.000 0.000 1.000 0.000 1.000 0.000 1.000 0.000 1.000 0.000 1.000 0.000 1.000 0.000 1.000 0.000 1.000 0.000 1.000 0.000 1.000 0.000 1.000 0.300 1.000 1.000 1.000 1.000 1.000 "Lid : velarized voiced alveolar lateral approximant"
"n" "n" 0.000 1.000 0.000 1.000 0.000 0.000 0.890 1.000 0.890 1.000 0.000 1.000 0.000 1.000 0.000 1.000 0.000 1.000 0.300 1.000 0.300 1.000 0.000 1.000 0.000 1.000 0.000 1.000 0.200 1.000 0.000 1.000 0.000 1.000 0.000 1.000 "No : voiced alveolar nasal"
"t" "t" 0.000 1.000 0.000 1.000 0.000 0.000 1.000 1.000 1.000 1.000 0.000 1.000 0.000 1.000 0.440 1.000 0.440 1.000 0.440 1.000 0.440 1.000 0.000 1.000 0.000 1.000 0.000 1.000 1.000 1.000 0.000 1.000 1.000 1.000 1.000 1.000 "Talk : voiceless bilabial stop"
"ow" "o" 0.000 1.000 0.000 1.000 0.000 0.000 0.000 1.000 0.000 1.000 0.600 1.000 0.600 1.000 0.000 1.000 0.000 1.000 0.000 1.000 0.000 1.000 0.000 1.000 0.000 1.000 0.530 1.000 0.000 1.000 0.940 1.000 0.540 1.000 0.540 1.000 "gO : upper-mid back rounded vowel"
"uw" "u" 0.000 1.000 0.000 1.000 0.000 0.000 0.000 1.000 0.000 1.000 0.950 1.000 0.900 1.000 0.000 1.000 0.000 1.000 0.000 1.000 0.000 1.000 0.000 1.000 0.000 1.000 0.000 1.000 0.000 1.000 0.400 1.000 0.000 1.000 0.000 1.000 "tOO : high back rounded vowel"
"ey" "e" 0.000 1.000 0.000 1.000 0.000 0.000 0.000 1.000 0.000 1.000 0.000 1.000 0.000 1.000 0.700 1.000 0.650 1.000 0.300 1.000 0.300 1.000 0.000 1.000 0.000 1.000 0.000 1.000 0.000 1.000 0.300 1.000 1.000 1.000 1.000 1.000 "Ate : upper-mid front unrounded vowel"
"ae" "0x00e6" 0.000 1.000 0.000 1.000 0.000 0.000 0.000 1.000 0.000 1.000 0.000 1.000 0.000 1.000 0.000 1.000 0.000 1.000 0.000 1.000 0.000 1.000 0.000 1.000 0.000 1.000 0.000 1.000 0.000 1.000 0.700 1.000 0.800 1.000 0.800 1.000 "cAt : semi-low front unrounded vowel"
"aa" "0x0251" 0.000 1.000 0.000 1.000 0.000 0.000 0.000 1.000 0.000 1.000 0.000 1.000 0.000 1.000 0.000 1.000 0.000 1.000 0.000 1.000 0.000 1.000 0.000 1.000 0.000 1.000 0.000 1.000 0.000 1.000 0.800 1.000 1.000 1.000 1.000 1.000 "fAther : low back unrounded vowel"
"aa2" "a" 0.000 1.000 0.000 1.000 0.000 0.000 0.000 1.000 0.000 1.000 0.000 1.000 0.000 1.000 0.000 1.000 0.000 1.000 0.000 1.000 0.000 1.000 0.000 1.000 0.000 1.000 0.000 1.000 0.000 1.000 1.000 1.000 1.000 1.000 1.000 1.000 "fAther : low front unrounded vowel"
"iy" "i" 0.000 1.000 0.000 1.000 0.000 0.000 1.000 1.000 1.000 1.000 0.000 1.000 0.000 1.000 0.750 1.000 0.750 1.000 0.780 1.000 0.780 1.000 0.000 1.000 0.000 1.000 0.000 1.000 0.550 1.000 0.300 1.000 1.000 1.000 1.000 1.000 "fEEl : high front unrounded vowel"
"y" "j" 0.000 1.000 0.000 1.000 0.000 0.000 1.000 1.000 1.000 1.000 0.000 1.000 0.000 1.000 0.000 1.000 0.000 1.000 0.000 1.000 0.000 1.000 0.000 1.000 0.000 1.000 0.350 1.000 0.300 1.000 0.000 1.000 0.000 1.000 0.000 1.000 "Yacht : voiced palatal approximant"
"ah" "0x028c" 0.000 1.000 0.000 1.000 0.000 0.000 0.250 1.000 0.250 1.000 0.000 1.000 0.000 1.000 0.000 1.000 0.000 1.000 0.000 1.000 0.000 1.000 0.000 1.000 0.000 1.000 0.000 1.000 0.000 1.000 0.600 1.000 1.000 1.000 1.000 1.000 "cUt : lower-mid back unrounded vowel"
"ao" "0x0254" 0.000 1.000 0.000 1.000 0.000 0.000 0.000 1.000 0.000 1.000 0.500 1.000 0.500 1.000 0.500 1.000 0.500 1.000 0.000 1.000 0.000 1.000 0.000 1.000 0.000 1.000 0.000 1.000 0.000 1.000 0.750 1.000 0.600 1.000 0.600 1.000 "dOg : lower-mid back rounded vowel"
"ax" "0x0259" 0.000 1.000 0.000 1.000 0.000 0.000 0.000 1.000 0.000 1.000 0.000 1.000 0.000 1.000 0.500 1.000 0.500 1.000 0.000 1.000 0.000 1.000 0.000 1.000 0.000 1.000 0.000 1.000 0.000 1.000 0.800 1.000 0.500 1.000 0.500 1.000 "Ago : mid-central unrounded vowel"
"ax2" "0x025c" 0.000 1.000 0.000 1.000 0.000 0.000 0.000 1.000 0.000 1.000 0.000 1.000 0.000 1.000 0.500 1.000 0.500 1.000 0.000 1.000 0.000 1.000 0.000 1.000 0.000 1.000 0.000 1.000 0.000 1.000 1.000 1.000 0.510 1.000 0.510 1.000 "Ago : lower-mid central unrounded vowel"
"eh" "0x025b" 0.000 1.000 0.000 1.000 0.000 0.000 0.000 1.000 0.000 1.000 0.000 1.000 0.000 1.000 0.500 1.000 0.500 1.000 0.600 1.000 0.600 1.000 0.000 1.000 0.000 1.000 0.000 1.000 0.000 1.000 0.400 1.000 1.000 1.000 1.000 1.000 "pEt : lower-mid front unrounded vowel"
"ih" "0x026a" 0.000 1.000 0.000 1.000 0.000 0.000 0.400 1.000 0.400 1.000 0.000 1.000 0.000 1.000 0.000 1.000 0.000 1.000 0.000 1.000 0.000 1.000 0.000 1.000 0.000 1.000 0.000 1.000 0.000 1.000 0.400 1.000 1.000 1.000 1.000 1.000 "fIll : semi-high front unrounded vowel"
"ih2" "0x0268" 0.000 1.000 0.000 1.000 0.000 0.000 0.400 1.000 0.400 1.000 0.000 1.000 0.000 1.000 0.000 1.000 0.000 1.000 0.000 1.000 0.000 1.000 0.000 1.000 0.000 1.000 0.000 1.000 0.000 1.000 0.650 1.000 0.880 1.000 0.880 1.000 "fIll : high central unrounded vowel"
"uh" "0x028a" 0.000 1.000 0.000 1.000 0.000 0.000 0.000 1.000 0.000 1.000 0.750 1.000 0.750 1.000 0.000 1.000 0.000 1.000 0.000 1.000 0.000 1.000 0.000 1.000 0.000 1.000 0.000 1.000 0.000 1.000 0.450 1.000 0.000 1.000 0.000 1.000 "bOOk : semi-high back rounded vowel"
"g" "g" 0.000 1.000 0.000 1.000 0.000 0.000 0.000 1.000 0.000 1.000 0.000 1.000 0.000 1.000 0.000 1.000 0.000 1.000 0.000 1.000 0.000 1.000 0.000 1.000 0.000 1.000 0.000 1.000 0.000 1.000 0.300 1.000 1.000 1.000 1.000 1.000 "taG : voiced velar stop"
"g2" "0x0261" 0.000 1.000 0.000 1.000 0.000 0.000 0.000 1.000 0.000 1.000 0.000 1.000 0.000 1.000 0.000 1.000 0.000 1.000 0.000 1.000 0.000 1.000 0.000 1.000 0.000 1.000 0.000 1.000 0.000 1.000 0.300 1.000 1.000 1.000 1.000 1.000 "taG : voiced velar stop"
"hh" "h" 0.000 1.000 0.000 1.000 0.000 0.000 0.000 1.000 0.000 1.000 0.000 1.000 0.000 1.000 0.000 1.000 0.000 1.000 0.000 1.000 0.000 1.000 0.000 1.000 0.000 1.000 0.000 1.000 0.000 1.000 0.800 1.000 0.500 1.000 0.500 1.000 "Help : voiceless glottal fricative"
"hh2" "0x0266" 0.000 1.000 0.000 1.000 0.000 0.000 0.000 1.000 0.000 1.000 0.000 1.000 0.000 1.000 0.000 1.000 0.000 1.000 0.000 1.000 0.000 1.000 0.000 1.000 0.000 1.000 0.000 1.000 0.000 1.000 1.000 1.000 0.650 1.000 0.650 1.000 "Help : breathy-voiced glottal fricative"
"c" "k" 0.000 1.000 0.000 1.000 0.000 0.000 0.850 1.000 0.850 1.000 0.000 1.000 0.000 1.000 0.000 1.000 0.000 1.000 0.000 1.000 0.000 1.000 0.000 1.000 0.000 1.000 0.000 1.000 0.250 1.000 0.000 1.000 1.000 1.000 1.000 1.000 "Cut : voiceless velar stop"
"nx" "0x014b" 0.000 1.000 0.000 1.000 0.000 0.000 0.450 1.000 0.450 1.000 0.000 1.000 0.000 1.000 0.000 1.000 0.000 1.000 0.400 1.000 0.400 1.000 0.000 1.000 0.000 1.000 0.000 1.000 0.000 1.000 0.200 1.000 1.000 1.000 1.000 1.000 "siNG : voiced velar nasal"
"zh" "0x0292" 0.000 1.000 0.000 1.000 0.000 0.000 0.000 1.000 0.000 1.000 0.000 1.000 0.000 1.000 1.000 1.000 1.000 1.000 0.000 1.000 0.000 1.000 0.000 1.000 0.000 1.000 0.000 1.000 0.550 1.000 0.000 1.000 0.000 1.000 0.000 1.000 "aZure : voiced postalveolar fricative"
"<sil>" "_" 0.000 0.000 0.000 0.000 0.000 0.000 0.000 0.000 0.000 0.000 0.000 0.000 0.000 0.000 0.000 0.000 0.000 0.000 0.000 0.000 0.000 0.000 0.000 0.000 0.000 0.000 0.000 0.000 0.000 0.000 0.000 0.000 0.000 0.000 0.000 0.000 "Silence"
